060912141827
030512293032
010510161831
020717212326
041025263033
050608122224
040918213233
061214202224
010212162026
040713202933
141517222429
031014171830
020509152024
030708152930
070912132224
091114202730
020914151623
111619222530
020506131619
040915161927
061317192331
081017202730
010409121518
091617192226
010406142833
020510111721
050610162025
021819242533
091011121823
040813253031
040608132232
071213162631
051517192030
010306202126
070910122226
040618222533
010410111427
030506091532
050720232731
010204101819
010304111923
011220253031
060712162225
101314182031
030406252630
050912172730
010406082124
061021282931
070820232432
010308131823
081218192332
152324252829
010607082730
081724262833
071011172328
010511222326
041920222833
212223242532
021618192730
131420212533
010209142225
030811141823
020709141828
040712142632
041316192125
111922263132
121516212629
071419212223
030406112328
060910142830
031112162123
021213182527
030611263032
011112182527
111520212633
091220242831
060813152233
111213192628
031021232733
010817202122
051017232632
050910121719
131420252731
020708091729
022021283133
141819263031
011416172031
071824293133
010811262831
